0,1,1,12,0,1,1,1,3093,094851,250220,0,3093,0,0,0,0,,Falso,0
3093,1,2021,1998,1548,1,1,0,0,0
0,2,1,114,0,1,1,1,4803,094922,250220,0,4803,0,0,0,0,,Falso,0
4803,1,2021,1998,2404,1,1,0,0,0
0,3,1,6,0,1,1,1,4803,095423,250220,0,4803,0,0,0,0,,Falso,0
4803,1,2021,1998,2404,1,1,0,0,0
0,4,1,3,0,1,1,1,9616,095436,250220,0,9616,0,0,0,0,,Falso,0
9616,1,1334,4000,2404,1,1,0,0,0
0,5,1,7,0,1,1,1,5455,095920,250220,0,5455,0,0,0,0,,Falso,0
5455,1,2021,1998,2730,1,1,0,0,0
0,6,1,3,0,1,1,1,3369,102145,250220,0,3369,0,0,0,0,,Falso,0
3369,1,132,1234,2730,1,1,0,0,0
0,7,1,101,0,1,1,1,40950,113535,250220,0,40950,0,0,0,0,,Falso,0
40950,1,1485,15000,2730,1,1,0,0,0
0,8,1,102,0,1,1,1,38766,113624,250220,0,38766,0,0,0,0,,Falso,0
38766,1,1940,14200,2730,1,1,0,0,0
0,9,1,101,0,1,1,1,24570,113744,250220,0,24570,0,0,0,0,,Falso,0
24570,1,998,9000,2730,1,1,0,0,0
0,10,1,7,0,1,1,1,46410,113856,250220,0,46410,0,0,0,0,,Falso,0
46410,1,1351,17000,2730,1,1,0,0,0
0,11,1,101,0,1,1,1,20748,114902,250220,0,20748,0,0,0,0,,Falso,0
20748,1,1262,7600,2730,1,1,0,0,0
0,12,1,7,0,1,1,1,30008,115044,250220,0,30008,0,0,0,0,,Falso,0
30008,1,3303,11000,2728,1,1,0,0,0
0,13,1,7,0,1,1,1,4803,162219,250220,0,4803,0,0,0,0,,Falso,0
4803,1,2021,1998,2404,1,1,0,0,0
0,14,1,8,0,1,1,1,6091,174011,250220,0,6091,0,0,0,0,,Falso,0
6091,1,777,2540,2398,1,1,0,0,0
0,15,1,5,0,1,1,1,4794,174348,250220,0,4794,0,0,0,0,,Falso,0
4794,1,2020,1999,2398,1,1,0,0,0
0,16,1,8,0,1,1,1,4791,174416,250220,0,4791,0,0,0,0,,Falso,0
4791,1,2021,1998,2398,1,1,0,0,0
0,17,1,102,0,1,1,1,2959,174715,250220,0,2959,0,0,0,0,,Falso,0
2959,1,12,1234,2398,1,1,0,0,0
0,18,1,8,0,1,1,1,26378,175154,250220,0,26378,0,0,0,0,,Falso,0
26378,1,1118,11000,2398,1,1,0,0,0
0,19,1,114,0,1,1,1,27794,180242,250220,0,27794,0,0,0,0,,Falso,0
27794,1,1330,11600,2396,1,1,0,0,0
0,20,1,114,0,1,1,1,2957,181329,250220,0,2957,0,0,0,0,,Falso,0
2957,1,133,1234,2396,1,1,0,0,0
0,21,1,114,0,1,1,1,26356,181416,250220,0,26356,0,0,0,0,,Falso,0
26356,1,3303,11000,2396,1,1,0,0,0
0,22,1,114,0,1,1,1,34052,182214,250220,0,34052,0,0,0,0,,Falso,0
34052,1,1940,14200,2398,1,1,0,0,0
0,23,1,114,0,1,1,1,5437,182336,250220,0,5437,0,0,0,0,,Falso,0
5437,1,2020,1999,2720,1,1,0,0,0
0,24,1,114,0,1,1,1,5431,182914,250220,0,5431,0,0,0,0,,Falso,0
5431,1,2021,1998,2718,1,1,0,0,0
0,25,1,113,0,1,1,1,36720,183116,250220,0,36720,0,0,0,0,,Falso,0
36720,1,1811,13500,2720,1,1,0,0,0
0,26,1,113,0,1,1,1,6909,183411,250220,0,6909,0,0,0,0,,Falso,0
6909,1,777,2540,2720,1,1,0,0,0
0,27,1,2022,0,1,1,1,1903,183820,250220,0,1903,0,0,0,0,,Falso,0
1903,1,1341,700,2718,1,1,0,0,0
0,28,1,3,0,1,1,1,3356,184110,250220,0,3356,0,0,0,0,,Falso,0
3356,1,133,1234,2720,1,1,0,0,0
0,29,1,3,0,1,1,1,38624,184212,250220,0,38624,0,0,0,0,,Falso,0
38624,1,1940,14200,2720,1,1,0,0,0
0,30,1,3,0,1,1,1,8154,184326,250220,0,8154,0,0,0,0,,Falso,0
8154,1,1631,3000,2718,1,1,0,0,0
0,31,1,109,0,1,1,1,3356,185118,250220,0,3356,0,0,0,0,,Falso,0
3356,1,133,1234,2720,1,1,0,0,0
0,32,1,12,0,1,1,1,16320,185131,250220,0,16320,0,0,0,0,,Falso,0
16320,1,1354,6000,2720,1,1,0,0,0
0,33,1,113,0,1,1,1,29920,185258,250220,0,29920,0,0,0,0,,Falso,0
29920,1,3303,11000,2720,1,1,0,0,0
0,34,1,114,0,1,1,1,29920,185418,250220,0,29920,0,0,0,0,,Falso,0
29920,1,3303,11000,2720,1,1,0,0,0
0,35,1,7,0,1,1,1,31529,185615,250220,0,31529,0,0,0,0,,Falso,0
31529,1,1330,11600,2718,1,1,0,0,0
0,36,1,114,0,1,1,1,36720,185720,250220,0,36720,0,0,0,0,,Falso,0
36720,1,1811,13500,2720,1,1,0,0,0
0,1,1,12,0,1,1,1,3093,094851,250220,0,3093,0,0,0,0,,Falso,0
3093,1,2021,1998,1548,1,1,0,0,0
0,2,1,114,0,1,1,1,4803,094922,250220,0,4803,0,0,0,0,,Falso,0
4803,1,2021,1998,2404,1,1,0,0,0
0,3,1,6,0,1,1,1,4803,095423,250220,0,4803,0,0,0,0,,Falso,0
4803,1,2021,1998,2404,1,1,0,0,0
0,4,1,3,0,1,1,1,9616,095436,250220,0,9616,0,0,0,0,,Falso,0
9616,1,1334,4000,2404,1,1,0,0,0
0,5,1,7,0,1,1,1,5455,095920,250220,0,5455,0,0,0,0,,Falso,0
5455,1,2021,1998,2730,1,1,0,0,0
0,6,1,3,0,1,1,1,3369,102145,250220,0,3369,0,0,0,0,,Falso,0
3369,1,132,1234,2730,1,1,0,0,0
0,7,1,101,0,1,1,1,40950,113535,250220,0,40950,0,0,0,0,,Falso,0
40950,1,1485,15000,2730,1,1,0,0,0
0,8,1,102,0,1,1,1,38766,113624,250220,0,38766,0,0,0,0,,Falso,0
38766,1,1940,14200,2730,1,1,0,0,0
0,9,1,101,0,1,1,1,24570,113744,250220,0,24570,0,0,0,0,,Falso,0
24570,1,998,9000,2730,1,1,0,0,0
0,10,1,7,0,1,1,1,46410,113856,250220,0,46410,0,0,0,0,,Falso,0
46410,1,1351,17000,2730,1,1,0,0,0
0,11,1,101,0,1,1,1,20748,114902,250220,0,20748,0,0,0,0,,Falso,0
20748,1,1262,7600,2730,1,1,0,0,0
0,12,1,7,0,1,1,1,30008,115044,250220,0,30008,0,0,0,0,,Falso,0
30008,1,3303,11000,2728,1,1,0,0,0
0,13,1,7,0,1,1,1,4803,162219,250220,0,4803,0,0,0,0,,Falso,0
4803,1,2021,1998,2404,1,1,0,0,0
0,14,1,8,0,1,1,1,6091,174011,250220,0,6091,0,0,0,0,,Falso,0
6091,1,777,2540,2398,1,1,0,0,0
0,15,1,5,0,1,1,1,4794,174348,250220,0,4794,0,0,0,0,,Falso,0
4794,1,2020,1999,2398,1,1,0,0,0
0,16,1,8,0,1,1,1,4791,174416,250220,0,4791,0,0,0,0,,Falso,0
4791,1,2021,1998,2398,1,1,0,0,0
0,17,1,102,0,1,1,1,2959,174715,250220,0,2959,0,0,0,0,,Falso,0
2959,1,12,1234,2398,1,1,0,0,0
0,18,1,8,0,1,1,1,26378,175154,250220,0,26378,0,0,0,0,,Falso,0
26378,1,1118,11000,2398,1,1,0,0,0
0,19,1,114,0,1,1,1,27794,180242,250220,0,27794,0,0,0,0,,Falso,0
27794,1,1330,11600,2396,1,1,0,0,0
0,20,1,114,0,1,1,1,2957,181329,250220,0,2957,0,0,0,0,,Falso,0
2957,1,133,1234,2396,1,1,0,0,0
0,21,1,114,0,1,1,1,26356,181416,250220,0,26356,0,0,0,0,,Falso,0
26356,1,3303,11000,2396,1,1,0,0,0
0,22,1,114,0,1,1,1,34052,182214,250220,0,34052,0,0,0,0,,Falso,0
34052,1,1940,14200,2398,1,1,0,0,0
0,23,1,114,0,1,1,1,5437,182336,250220,0,5437,0,0,0,0,,Falso,0
5437,1,2020,1999,2720,1,1,0,0,0
0,24,1,114,0,1,1,1,5431,182914,250220,0,5431,0,0,0,0,,Falso,0
5431,1,2021,1998,2718,1,1,0,0,0
0,25,1,113,0,1,1,1,36720,183116,250220,0,36720,0,0,0,0,,Falso,0
36720,1,1811,13500,2720,1,1,0,0,0
0,26,1,113,0,1,1,1,6909,183411,250220,0,6909,0,0,0,0,,Falso,0
6909,1,777,2540,2720,1,1,0,0,0
0,27,1,2022,0,1,1,1,1903,183820,250220,0,1903,0,0,0,0,,Falso,0
1903,1,1341,700,2718,1,1,0,0,0
0,28,1,3,0,1,1,1,3356,184110,250220,0,3356,0,0,0,0,,Falso,0
3356,1,133,1234,2720,1,1,0,0,0
0,29,1,3,0,1,1,1,38624,184212,250220,0,38624,0,0,0,0,,Falso,0
38624,1,1940,14200,2720,1,1,0,0,0
0,30,1,3,0,1,1,1,8154,184326,250220,0,8154,0,0,0,0,,Falso,0
8154,1,1631,3000,2718,1,1,0,0,0
0,31,1,109,0,1,1,1,3356,185118,250220,0,3356,0,0,0,0,,Falso,0
3356,1,133,1234,2720,1,1,0,0,0
0,32,1,12,0,1,1,1,16320,185131,250220,0,16320,0,0,0,0,,Falso,0
16320,1,1354,6000,2720,1,1,0,0,0
0,33,1,113,0,1,1,1,29920,185258,250220,0,29920,0,0,0,0,,Falso,0
29920,1,3303,11000,2720,1,1,0,0,0
0,34,1,114,0,1,1,1,29920,185418,250220,0,29920,0,0,0,0,,Falso,0
29920,1,3303,11000,2720,1,1,0,0,0
0,35,1,7,0,1,1,1,31529,185615,250220,0,31529,0,0,0,0,,Falso,0
31529,1,1330,11600,2718,1,1,0,0,0
0,36,1,114,0,1,1,1,36720,185720,250220,0,36720,0,0,0,0,,Falso,0
36720,1,1811,13500,2720,1,1,0,0,0
0,1,1,12,0,1,1,1,3093,094851,250220,0,3093,0,0,0,0,,Falso,0
3093,1,2021,1998,1548,1,1,0,0,0
0,2,1,114,0,1,1,1,4803,094922,250220,0,4803,0,0,0,0,,Falso,0
4803,1,2021,1998,2404,1,1,0,0,0
0,3,1,6,0,1,1,1,4803,095423,250220,0,4803,0,0,0,0,,Falso,0
4803,1,2021,1998,2404,1,1,0,0,0
0,4,1,3,0,1,1,1,9616,095436,250220,0,9616,0,0,0,0,,Falso,0
9616,1,1334,4000,2404,1,1,0,0,0
0,5,1,7,0,1,1,1,5455,095920,250220,0,5455,0,0,0,0,,Falso,0
5455,1,2021,1998,2730,1,1,0,0,0
0,6,1,3,0,1,1,1,3369,102145,250220,0,3369,0,0,0,0,,Falso,0
3369,1,132,1234,2730,1,1,0,0,0
0,7,1,101,0,1,1,1,40950,113535,250220,0,40950,0,0,0,0,,Falso,0
40950,1,1485,15000,2730,1,1,0,0,0
0,8,1,102,0,1,1,1,38766,113624,250220,0,38766,0,0,0,0,,Falso,0
38766,1,1940,14200,2730,1,1,0,0,0
0,9,1,101,0,1,1,1,24570,113744,250220,0,24570,0,0,0,0,,Falso,0
24570,1,998,9000,2730,1,1,0,0,0
0,10,1,7,0,1,1,1,46410,113856,250220,0,46410,0,0,0,0,,Falso,0
46410,1,1351,17000,2730,1,1,0,0,0
0,11,1,101,0,1,1,1,20748,114902,250220,0,20748,0,0,0,0,,Falso,0
20748,1,1262,7600,2730,1,1,0,0,0
0,12,1,7,0,1,1,1,30008,115044,250220,0,30008,0,0,0,0,,Falso,0
30008,1,3303,11000,2728,1,1,0,0,0
0,13,1,7,0,1,1,1,4803,162219,250220,0,4803,0,0,0,0,,Falso,0
4803,1,2021,1998,2404,1,1,0,0,0
0,14,1,8,0,1,1,1,6091,174011,250220,0,6091,0,0,0,0,,Falso,0
6091,1,777,2540,2398,1,1,0,0,0
0,15,1,5,0,1,1,1,4794,174348,250220,0,4794,0,0,0,0,,Falso,0
4794,1,2020,1999,2398,1,1,0,0,0
0,16,1,8,0,1,1,1,4791,174416,250220,0,4791,0,0,0,0,,Falso,0
4791,1,2021,1998,2398,1,1,0,0,0
0,17,1,102,0,1,1,1,2959,174715,250220,0,2959,0,0,0,0,,Falso,0
2959,1,12,1234,2398,1,1,0,0,0
0,18,1,8,0,1,1,1,26378,175154,250220,0,26378,0,0,0,0,,Falso,0
26378,1,1118,11000,2398,1,1,0,0,0
0,19,1,114,0,1,1,1,27794,180242,250220,0,27794,0,0,0,0,,Falso,0
27794,1,1330,11600,2396,1,1,0,0,0
0,20,1,114,0,1,1,1,2957,181329,250220,0,2957,0,0,0,0,,Falso,0
2957,1,133,1234,2396,1,1,0,0,0
0,21,1,114,0,1,1,1,26356,181416,250220,0,26356,0,0,0,0,,Falso,0
26356,1,3303,11000,2396,1,1,0,0,0
0,22,1,114,0,1,1,1,34052,182214,250220,0,34052,0,0,0,0,,Falso,0
34052,1,1940,14200,2398,1,1,0,0,0
0,23,1,114,0,1,1,1,5437,182336,250220,0,5437,0,0,0,0,,Falso,0
5437,1,2020,1999,2720,1,1,0,0,0
0,24,1,114,0,1,1,1,5431,182914,250220,0,5431,0,0,0,0,,Falso,0
5431,1,2021,1998,2718,1,1,0,0,0
0,25,1,113,0,1,1,1,36720,183116,250220,0,36720,0,0,0,0,,Falso,0
36720,1,1811,13500,2720,1,1,0,0,0
0,26,1,113,0,1,1,1,6909,183411,250220,0,6909,0,0,0,0,,Falso,0
6909,1,777,2540,2720,1,1,0,0,0
0,27,1,2022,0,1,1,1,1903,183820,250220,0,1903,0,0,0,0,,Falso,0
1903,1,1341,700,2718,1,1,0,0,0
0,28,1,3,0,1,1,1,3356,184110,250220,0,3356,0,0,0,0,,Falso,0
3356,1,133,1234,2720,1,1,0,0,0
0,29,1,3,0,1,1,1,38624,184212,250220,0,38624,0,0,0,0,,Falso,0
38624,1,1940,14200,2720,1,1,0,0,0
0,30,1,3,0,1,1,1,8154,184326,250220,0,8154,0,0,0,0,,Falso,0
8154,1,1631,3000,2718,1,1,0,0,0
0,31,1,109,0,1,1,1,3356,185118,250220,0,3356,0,0,0,0,,Falso,0
3356,1,133,1234,2720,1,1,0,0,0
0,32,1,12,0,1,1,1,16320,185131,250220,0,16320,0,0,0,0,,Falso,0
16320,1,1354,6000,2720,1,1,0,0,0
0,33,1,113,0,1,1,1,29920,185258,250220,0,29920,0,0,0,0,,Falso,0
29920,1,3303,11000,2720,1,1,0,0,0
0,34,1,114,0,1,1,1,29920,185418,250220,0,29920,0,0,0,0,,Falso,0
29920,1,3303,11000,2720,1,1,0,0,0
0,35,1,7,0,1,1,1,31529,185615,250220,0,31529,0,0,0,0,,Falso,0
31529,1,1330,11600,2718,1,1,0,0,0
0,36,1,114,0,1,1,1,36720,185720,250220,0,36720,0,0,0,0,,Falso,0
36720,1,1811,13500,2720,1,1,0,0,0
0,1,1,106,0,1,1,1,6381,095332,260220,0,6381,0,0,0,0,,Falso,0
6381,1,2020,1999,3192,1,1,0,0,0
0,2,1,105,0,1,1,1,6370,164418,260220,0,6370,0,0,0,0,,Falso,0
6370,1,2021,1998,3188,1,1,0,0,0
0,3,1,103,0,1,1,1,6366,165133,260220,0,6366,0,0,0,0,,Falso,0
6366,1,2022,1997,3188,1,1,0,0,0
0,4,1,108,0,1,1,1,6366,170410,260220,0,6366,0,0,0,0,,Falso,0
6366,1,2023,1997,3188,1,1,0,0,0
0,5,1,113,0,1,1,1,3936,171121,260220,0,3936,0,0,0,0,,Falso,0
3936,1,132,1234,3190,1,1,0,0,0
0,6,1,112,0,1,1,1,2125,171523,260220,0,2125,0,0,0,0,,Falso,0
2125,1,2024,666,3190,1,1,0,0,0
0,7,1,101,0,1,1,1,2123,171803,260220,0,2123,0,0,0,0,,Falso,0
2123,1,2024,666,3188,1,1,0,0,0
0,8,1,101,0,1,1,1,2123,172140,260220,0,2123,0,0,0,0,,Falso,0
2123,1,2024,666,3188,1,1,0,0,0
0,9,1,109,0,1,1,1,21265,172747,260220,0,21265,0,0,0,0,,Falso,0
21265,1,2024,6666,3190,1,1,0,0,0
0,10,1,114,0,1,1,1,21251,173716,260220,0,21251,0,0,0,0,,Falso,0
21251,1,2025,6666,3188,1,1,0,0,0
0,1,1,106,0,1,1,1,6381,095332,260220,0,6381,0,0,0,0,,Falso,0
6381,1,2020,1999,3192,1,1,0,0,0
0,2,1,105,0,1,1,1,6370,164418,260220,0,6370,0,0,0,0,,Falso,0
6370,1,2021,1998,3188,1,1,0,0,0
0,3,1,103,0,1,1,1,6366,165133,260220,0,6366,0,0,0,0,,Falso,0
6366,1,2022,1997,3188,1,1,0,0,0
0,4,1,108,0,1,1,1,6366,170410,260220,0,6366,0,0,0,0,,Falso,0
6366,1,2023,1997,3188,1,1,0,0,0
0,5,1,113,0,1,1,1,3936,171121,260220,0,3936,0,0,0,0,,Falso,0
3936,1,132,1234,3190,1,1,0,0,0
0,6,1,112,0,1,1,1,2125,171523,260220,0,2125,0,0,0,0,,Falso,0
2125,1,2024,666,3190,1,1,0,0,0
0,7,1,101,0,1,1,1,2123,171803,260220,0,2123,0,0,0,0,,Falso,0
2123,1,2024,666,3188,1,1,0,0,0
0,8,1,101,0,1,1,1,2123,172140,260220,0,2123,0,0,0,0,,Falso,0
2123,1,2024,666,3188,1,1,0,0,0
0,9,1,109,0,1,1,1,21265,172747,260220,0,21265,0,0,0,0,,Falso,0
21265,1,2024,6666,3190,1,1,0,0,0
0,10,1,114,0,1,1,1,21251,173716,260220,0,21251,0,0,0,0,,Falso,0
21251,1,2025,6666,3188,1,1,0,0,0
0,1,1,106,0,1,1,1,6381,095332,260220,0,6381,0,0,0,0,,Falso,0
6381,1,2020,1999,3192,1,1,0,0,0
0,2,1,105,0,1,1,1,6370,164418,260220,0,6370,0,0,0,0,,Falso,0
6370,1,2021,1998,3188,1,1,0,0,0
0,3,1,103,0,1,1,1,6366,165133,260220,0,6366,0,0,0,0,,Falso,0
6366,1,2022,1997,3188,1,1,0,0,0
0,4,1,108,0,1,1,1,6366,170410,260220,0,6366,0,0,0,0,,Falso,0
6366,1,2023,1997,3188,1,1,0,0,0
0,5,1,113,0,1,1,1,3936,171121,260220,0,3936,0,0,0,0,,Falso,0
3936,1,132,1234,3190,1,1,0,0,0
0,6,1,112,0,1,1,1,2125,171523,260220,0,2125,0,0,0,0,,Falso,0
2125,1,2024,666,3190,1,1,0,0,0
0,7,1,101,0,1,1,1,2123,171803,260220,0,2123,0,0,0,0,,Falso,0
2123,1,2024,666,3188,1,1,0,0,0
0,8,1,101,0,1,1,1,2123,172140,260220,0,2123,0,0,0,0,,Falso,0
2123,1,2024,666,3188,1,1,0,0,0
0,9,1,109,0,1,1,1,21265,172747,260220,0,21265,0,0,0,0,,Falso,0
21265,1,2024,6666,3190,1,1,0,0,0
0,10,1,114,0,1,1,1,21251,173716,260220,0,21251,0,0,0,0,,Falso,0
21251,1,2025,6666,3188,1,1,0,0,0
0,1,1,106,0,1,1,1,6381,095332,260220,0,6381,0,0,0,0,,Falso,0
6381,1,2020,1999,3192,1,1,0,0,0
0,2,1,105,0,1,1,1,6370,164418,260220,0,6370,0,0,0,0,,Falso,0
6370,1,2021,1998,3188,1,1,0,0,0
0,3,1,103,0,1,1,1,6366,165133,260220,0,6366,0,0,0,0,,Falso,0
6366,1,2022,1997,3188,1,1,0,0,0
0,4,1,108,0,1,1,1,6366,170410,260220,0,6366,0,0,0,0,,Falso,0
6366,1,2023,1997,3188,1,1,0,0,0
0,5,1,113,0,1,1,1,3936,171121,260220,0,3936,0,0,0,0,,Falso,0
3936,1,132,1234,3190,1,1,0,0,0
0,6,1,112,0,1,1,1,2125,171523,260220,0,2125,0,0,0,0,,Falso,0
2125,1,2024,666,3190,1,1,0,0,0
0,7,1,101,0,1,1,1,2123,171803,260220,0,2123,0,0,0,0,,Falso,0
2123,1,2024,666,3188,1,1,0,0,0
0,8,1,101,0,1,1,1,2123,172140,260220,0,2123,0,0,0,0,,Falso,0
2123,1,2024,666,3188,1,1,0,0,0
0,9,1,109,0,1,1,1,21265,172747,260220,0,21265,0,0,0,0,,Falso,0
21265,1,2024,6666,3190,1,1,0,0,0
0,10,1,114,0,1,1,1,21251,173716,260220,0,21251,0,0,0,0,,Falso,0
21251,1,2025,6666,3188,1,1,0,0,0
0,11,1,102,0,1,1,1,8103,085210,270220,0,8103,0,0,0,0,,Falso,0
8103,1,777,2540,3190,1,1,0,0,0
0,1,1,106,0,1,1,1,6381,095332,260220,0,6381,0,0,0,0,,Falso,0
6381,1,2020,1999,3192,1,1,0,0,0
0,2,1,105,0,1,1,1,6370,164418,260220,0,6370,0,0,0,0,,Falso,0
6370,1,2021,1998,3188,1,1,0,0,0
0,3,1,103,0,1,1,1,6366,165133,260220,0,6366,0,0,0,0,,Falso,0
6366,1,2022,1997,3188,1,1,0,0,0
0,4,1,108,0,1,1,1,6366,170410,260220,0,6366,0,0,0,0,,Falso,0
6366,1,2023,1997,3188,1,1,0,0,0
0,5,1,113,0,1,1,1,3936,171121,260220,0,3936,0,0,0,0,,Falso,0
3936,1,132,1234,3190,1,1,0,0,0
0,6,1,112,0,1,1,1,2125,171523,260220,0,2125,0,0,0,0,,Falso,0
2125,1,2024,666,3190,1,1,0,0,0
0,7,1,101,0,1,1,1,2123,171803,260220,0,2123,0,0,0,0,,Falso,0
2123,1,2024,666,3188,1,1,0,0,0
0,8,1,101,0,1,1,1,2123,172140,260220,0,2123,0,0,0,0,,Falso,0
2123,1,2024,666,3188,1,1,0,0,0
0,9,1,109,0,1,1,1,21265,172747,260220,0,21265,0,0,0,0,,Falso,0
21265,1,2024,6666,3190,1,1,0,0,0
0,10,1,114,0,1,1,1,21251,173716,260220,0,21251,0,0,0,0,,Falso,0
21251,1,2025,6666,3188,1,1,0,0,0
0,11,1,102,0,1,1,1,8103,085210,270220,0,8103,0,0,0,0,,Falso,0
8103,1,777,2540,3190,1,1,0,0,0
0,12,1,111,0,1,1,1,6374,085635,270220,0,6374,0,0,0,0,,Falso,0
6374,1,2022,1997,3192,1,1,0,0,0
0,1,1,106,0,1,1,1,6381,095332,260220,0,6381,0,0,0,0,,Falso,0
6381,1,2020,1999,3192,1,1,0,0,0
0,2,1,105,0,1,1,1,6370,164418,260220,0,6370,0,0,0,0,,Falso,0
6370,1,2021,1998,3188,1,1,0,0,0
0,3,1,103,0,1,1,1,6366,165133,260220,0,6366,0,0,0,0,,Falso,0
6366,1,2022,1997,3188,1,1,0,0,0
0,4,1,108,0,1,1,1,6366,170410,260220,0,6366,0,0,0,0,,Falso,0
6366,1,2023,1997,3188,1,1,0,0,0
0,5,1,113,0,1,1,1,3936,171121,260220,0,3936,0,0,0,0,,Falso,0
3936,1,132,1234,3190,1,1,0,0,0
0,6,1,112,0,1,1,1,2125,171523,260220,0,2125,0,0,0,0,,Falso,0
2125,1,2024,666,3190,1,1,0,0,0
0,7,1,101,0,1,1,1,2123,171803,260220,0,2123,0,0,0,0,,Falso,0
2123,1,2024,666,3188,1,1,0,0,0
0,8,1,101,0,1,1,1,2123,172140,260220,0,2123,0,0,0,0,,Falso,0
2123,1,2024,666,3188,1,1,0,0,0
0,9,1,109,0,1,1,1,21265,172747,260220,0,21265,0,0,0,0,,Falso,0
21265,1,2024,6666,3190,1,1,0,0,0
0,10,1,114,0,1,1,1,21251,173716,260220,0,21251,0,0,0,0,,Falso,0
21251,1,2025,6666,3188,1,1,0,0,0
0,11,1,102,0,1,1,1,8103,085210,270220,0,8103,0,0,0,0,,Falso,0
8103,1,777,2540,3190,1,1,0,0,0
0,12,1,111,0,1,1,1,6374,085635,270220,0,6374,0,0,0,0,,Falso,0
6374,1,2022,1997,3192,1,1,0,0,0
0,13,1,105,0,1,1,1,46922,090310,270220,0,46922,0,0,0,0,,Falso,0
46922,1,1022,14700,3192,1,1,0,0,0
0,1,1,106,0,1,1,1,6381,095332,260220,0,6381,0,0,0,0,,Falso,0
6381,1,2020,1999,3192,1,1,0,0,0
0,2,1,105,0,1,1,1,6370,164418,260220,0,6370,0,0,0,0,,Falso,0
6370,1,2021,1998,3188,1,1,0,0,0
0,3,1,103,0,1,1,1,6366,165133,260220,0,6366,0,0,0,0,,Falso,0
6366,1,2022,1997,3188,1,1,0,0,0
0,4,1,108,0,1,1,1,6366,170410,260220,0,6366,0,0,0,0,,Falso,0
6366,1,2023,1997,3188,1,1,0,0,0
0,5,1,113,0,1,1,1,3936,171121,260220,0,3936,0,0,0,0,,Falso,0
3936,1,132,1234,3190,1,1,0,0,0
0,6,1,112,0,1,1,1,2125,171523,260220,0,2125,0,0,0,0,,Falso,0
2125,1,2024,666,3190,1,1,0,0,0
0,7,1,101,0,1,1,1,2123,171803,260220,0,2123,0,0,0,0,,Falso,0
2123,1,2024,666,3188,1,1,0,0,0
0,8,1,101,0,1,1,1,2123,172140,260220,0,2123,0,0,0,0,,Falso,0
2123,1,2024,666,3188,1,1,0,0,0
0,9,1,109,0,1,1,1,21265,172747,260220,0,21265,0,0,0,0,,Falso,0
21265,1,2024,6666,3190,1,1,0,0,0
0,10,1,114,0,1,1,1,21251,173716,260220,0,21251,0,0,0,0,,Falso,0
21251,1,2025,6666,3188,1,1,0,0,0
0,11,1,102,0,1,1,1,8103,085210,270220,0,8103,0,0,0,0,,Falso,0
8103,1,777,2540,3190,1,1,0,0,0
0,12,1,111,0,1,1,1,6374,085635,270220,0,6374,0,0,0,0,,Falso,0
6374,1,2022,1997,3192,1,1,0,0,0
0,13,1,105,0,1,1,1,46922,090310,270220,0,46922,0,0,0,0,,Falso,0
46922,1,1022,14700,3192,1,1,0,0,0
0,1,1,106,0,1,1,1,6381,095332,260220,0,6381,0,0,0,0,,Falso,0
6381,1,2020,1999,3192,1,1,0,0,0
0,2,1,105,0,1,1,1,6370,164418,260220,0,6370,0,0,0,0,,Falso,0
6370,1,2021,1998,3188,1,1,0,0,0
0,3,1,103,0,1,1,1,6366,165133,260220,0,6366,0,0,0,0,,Falso,0
6366,1,2022,1997,3188,1,1,0,0,0
0,4,1,108,0,1,1,1,6366,170410,260220,0,6366,0,0,0,0,,Falso,0
6366,1,2023,1997,3188,1,1,0,0,0
0,5,1,113,0,1,1,1,3936,171121,260220,0,3936,0,0,0,0,,Falso,0
3936,1,132,1234,3190,1,1,0,0,0
0,6,1,112,0,1,1,1,2125,171523,260220,0,2125,0,0,0,0,,Falso,0
2125,1,2024,666,3190,1,1,0,0,0
0,7,1,101,0,1,1,1,2123,171803,260220,0,2123,0,0,0,0,,Falso,0
2123,1,2024,666,3188,1,1,0,0,0
0,8,1,101,0,1,1,1,2123,172140,260220,0,2123,0,0,0,0,,Falso,0
2123,1,2024,666,3188,1,1,0,0,0
0,9,1,109,0,1,1,1,21265,172747,260220,0,21265,0,0,0,0,,Falso,0
21265,1,2024,6666,3190,1,1,0,0,0
0,10,1,114,0,1,1,1,21251,173716,260220,0,21251,0,0,0,0,,Falso,0
21251,1,2025,6666,3188,1,1,0,0,0
0,11,1,102,0,1,1,1,8103,085210,270220,0,8103,0,0,0,0,,Falso,0
8103,1,777,2540,3190,1,1,0,0,0
0,12,1,111,0,1,1,1,6374,085635,270220,0,6374,0,0,0,0,,Falso,0
6374,1,2022,1997,3192,1,1,0,0,0
0,13,1,105,0,1,1,1,46922,090310,270220,0,46922,0,0,0,0,,Falso,0
46922,1,1022,14700,3192,1,1,0,0,0
0,14,1,106,0,1,1,1,21278,091151,270220,0,21278,0,0,0,0,,Falso,0
21278,1,2025,6666,3192,1,1,0,0,0
0,1,1,106,0,1,1,1,6381,095332,260220,0,6381,0,0,0,0,,Falso,0
6381,1,2020,1999,3192,1,1,0,0,0
0,2,1,105,0,1,1,1,6370,164418,260220,0,6370,0,0,0,0,,Falso,0
6370,1,2021,1998,3188,1,1,0,0,0
0,3,1,103,0,1,1,1,6366,165133,260220,0,6366,0,0,0,0,,Falso,0
6366,1,2022,1997,3188,1,1,0,0,0
0,4,1,108,0,1,1,1,6366,170410,260220,0,6366,0,0,0,0,,Falso,0
6366,1,2023,1997,3188,1,1,0,0,0
0,5,1,113,0,1,1,1,3936,171121,260220,0,3936,0,0,0,0,,Falso,0
3936,1,132,1234,3190,1,1,0,0,0
0,6,1,112,0,1,1,1,2125,171523,260220,0,2125,0,0,0,0,,Falso,0
2125,1,2024,666,3190,1,1,0,0,0
0,7,1,101,0,1,1,1,2123,171803,260220,0,2123,0,0,0,0,,Falso,0
2123,1,2024,666,3188,1,1,0,0,0
0,8,1,101,0,1,1,1,2123,172140,260220,0,2123,0,0,0,0,,Falso,0
2123,1,2024,666,3188,1,1,0,0,0
0,9,1,109,0,1,1,1,21265,172747,260220,0,21265,0,0,0,0,,Falso,0
21265,1,2024,6666,3190,1,1,0,0,0
0,10,1,114,0,1,1,1,21251,173716,260220,0,21251,0,0,0,0,,Falso,0
21251,1,2025,6666,3188,1,1,0,0,0
0,11,1,102,0,1,1,1,8103,085210,270220,0,8103,0,0,0,0,,Falso,0
8103,1,777,2540,3190,1,1,0,0,0
0,12,1,111,0,1,1,1,6374,085635,270220,0,6374,0,0,0,0,,Falso,0
6374,1,2022,1997,3192,1,1,0,0,0
0,13,1,105,0,1,1,1,46922,090310,270220,0,46922,0,0,0,0,,Falso,0
46922,1,1022,14700,3192,1,1,0,0,0
0,14,1,106,0,1,1,1,21278,091151,270220,0,21278,0,0,0,0,,Falso,0
21278,1,2025,6666,3192,1,1,0,0,0
0,15,1,107,0,1,1,1,3939,091407,270220,0,3939,0,0,0,0,,Falso,0
3939,1,133,1234,3192,1,1,0,0,0
0,1,1,106,0,1,1,1,6381,095332,260220,0,6381,0,0,0,0,,Falso,0
6381,1,2020,1999,3192,1,1,0,0,0
0,2,1,105,0,1,1,1,6370,164418,260220,0,6370,0,0,0,0,,Falso,0
6370,1,2021,1998,3188,1,1,0,0,0
0,3,1,103,0,1,1,1,6366,165133,260220,0,6366,0,0,0,0,,Falso,0
6366,1,2022,1997,3188,1,1,0,0,0
0,4,1,108,0,1,1,1,6366,170410,260220,0,6366,0,0,0,0,,Falso,0
6366,1,2023,1997,3188,1,1,0,0,0
0,5,1,113,0,1,1,1,3936,171121,260220,0,3936,0,0,0,0,,Falso,0
3936,1,132,1234,3190,1,1,0,0,0
0,6,1,112,0,1,1,1,2125,171523,260220,0,2125,0,0,0,0,,Falso,0
2125,1,2024,666,3190,1,1,0,0,0
0,7,1,101,0,1,1,1,2123,171803,260220,0,2123,0,0,0,0,,Falso,0
2123,1,2024,666,3188,1,1,0,0,0
0,8,1,101,0,1,1,1,2123,172140,260220,0,2123,0,0,0,0,,Falso,0
2123,1,2024,666,3188,1,1,0,0,0
0,9,1,109,0,1,1,1,21265,172747,260220,0,21265,0,0,0,0,,Falso,0
21265,1,2024,6666,3190,1,1,0,0,0
0,10,1,114,0,1,1,1,21251,173716,260220,0,21251,0,0,0,0,,Falso,0
21251,1,2025,6666,3188,1,1,0,0,0
0,11,1,102,0,1,1,1,8103,085210,270220,0,8103,0,0,0,0,,Falso,0
8103,1,777,2540,3190,1,1,0,0,0
0,12,1,111,0,1,1,1,6374,085635,270220,0,6374,0,0,0,0,,Falso,0
6374,1,2022,1997,3192,1,1,0,0,0
0,13,1,105,0,1,1,1,46922,090310,270220,0,46922,0,0,0,0,,Falso,0
46922,1,1022,14700,3192,1,1,0,0,0
0,14,1,106,0,1,1,1,21278,091151,270220,0,21278,0,0,0,0,,Falso,0
21278,1,2025,6666,3192,1,1,0,0,0
0,15,1,107,0,1,1,1,3939,091407,270220,0,3939,0,0,0,0,,Falso,0
3939,1,133,1234,3192,1,1,0,0,0
0,1,1,106,0,1,1,1,6381,095332,260220,0,6381,0,0,0,0,,Falso,0
6381,1,2020,1999,3192,1,1,0,0,0
0,2,1,105,0,1,1,1,6370,164418,260220,0,6370,0,0,0,0,,Falso,0
6370,1,2021,1998,3188,1,1,0,0,0
0,3,1,103,0,1,1,1,6366,165133,260220,0,6366,0,0,0,0,,Falso,0
6366,1,2022,1997,3188,1,1,0,0,0
0,4,1,108,0,1,1,1,6366,170410,260220,0,6366,0,0,0,0,,Falso,0
6366,1,2023,1997,3188,1,1,0,0,0
0,5,1,113,0,1,1,1,3936,171121,260220,0,3936,0,0,0,0,,Falso,0
3936,1,132,1234,3190,1,1,0,0,0
0,6,1,112,0,1,1,1,2125,171523,260220,0,2125,0,0,0,0,,Falso,0
2125,1,2024,666,3190,1,1,0,0,0
0,7,1,101,0,1,1,1,2123,171803,260220,0,2123,0,0,0,0,,Falso,0
2123,1,2024,666,3188,1,1,0,0,0
0,8,1,101,0,1,1,1,2123,172140,260220,0,2123,0,0,0,0,,Falso,0
2123,1,2024,666,3188,1,1,0,0,0
0,9,1,109,0,1,1,1,21265,172747,260220,0,21265,0,0,0,0,,Falso,0
21265,1,2024,6666,3190,1,1,0,0,0
0,10,1,114,0,1,1,1,21251,173716,260220,0,21251,0,0,0,0,,Falso,0
21251,1,2025,6666,3188,1,1,0,0,0
0,11,1,102,0,1,1,1,8103,085210,270220,0,8103,0,0,0,0,,Falso,0
8103,1,777,2540,3190,1,1,0,0,0
0,12,1,111,0,1,1,1,6374,085635,270220,0,6374,0,0,0,0,,Falso,0
6374,1,2022,1997,3192,1,1,0,0,0
0,13,1,105,0,1,1,1,46922,090310,270220,0,46922,0,0,0,0,,Falso,0
46922,1,1022,14700,3192,1,1,0,0,0
0,14,1,106,0,1,1,1,21278,091151,270220,0,21278,0,0,0,0,,Falso,0
21278,1,2025,6666,3192,1,1,0,0,0
0,15,1,107,0,1,1,1,3939,091407,270220,0,3939,0,0,0,0,,Falso,0
3939,1,133,1234,3192,1,1,0,0,0
0,1,1,106,0,1,1,1,6381,095332,260220,0,6381,0,0,0,0,,Falso,0
6381,1,2020,1999,3192,1,1,0,0,0
0,2,1,105,0,1,1,1,6370,164418,260220,0,6370,0,0,0,0,,Falso,0
6370,1,2021,1998,3188,1,1,0,0,0
0,3,1,103,0,1,1,1,6366,165133,260220,0,6366,0,0,0,0,,Falso,0
6366,1,2022,1997,3188,1,1,0,0,0
0,4,1,108,0,1,1,1,6366,170410,260220,0,6366,0,0,0,0,,Falso,0
6366,1,2023,1997,3188,1,1,0,0,0
0,5,1,113,0,1,1,1,3936,171121,260220,0,3936,0,0,0,0,,Falso,0
3936,1,132,1234,3190,1,1,0,0,0
0,6,1,112,0,1,1,1,2125,171523,260220,0,2125,0,0,0,0,,Falso,0
2125,1,2024,666,3190,1,1,0,0,0
0,7,1,101,0,1,1,1,2123,171803,260220,0,2123,0,0,0,0,,Falso,0
2123,1,2024,666,3188,1,1,0,0,0
0,8,1,101,0,1,1,1,2123,172140,260220,0,2123,0,0,0,0,,Falso,0
2123,1,2024,666,3188,1,1,0,0,0
0,9,1,109,0,1,1,1,21265,172747,260220,0,21265,0,0,0,0,,Falso,0
21265,1,2024,6666,3190,1,1,0,0,0
0,10,1,114,0,1,1,1,21251,173716,260220,0,21251,0,0,0,0,,Falso,0
21251,1,2025,6666,3188,1,1,0,0,0
0,11,1,102,0,1,1,1,8103,085210,270220,0,8103,0,0,0,0,,Falso,0
8103,1,777,2540,3190,1,1,0,0,0
0,12,1,111,0,1,1,1,6374,085635,270220,0,6374,0,0,0,0,,Falso,0
6374,1,2022,1997,3192,1,1,0,0,0
0,13,1,105,0,1,1,1,46922,090310,270220,0,46922,0,0,0,0,,Falso,0
46922,1,1022,14700,3192,1,1,0,0,0
0,14,1,106,0,1,1,1,21278,091151,270220,0,21278,0,0,0,0,,Falso,0
21278,1,2025,6666,3192,1,1,0,0,0
0,15,1,107,0,1,1,1,3939,091407,270220,0,3939,0,0,0,0,,Falso,0
3939,1,133,1234,3192,1,1,0,0,0
0,16,1,113,0,1,1,1,6378,094419,270220,0,6378,0,0,0,0,,Falso,0
6378,1,2021,1998,3192,1,1,0,0,0
0,1,1,106,0,1,1,1,6381,095332,260220,0,6381,0,0,0,0,,Falso,0
6381,1,2020,1999,3192,1,1,0,0,0
0,2,1,105,0,1,1,1,6370,164418,260220,0,6370,0,0,0,0,,Falso,0
6370,1,2021,1998,3188,1,1,0,0,0
0,3,1,103,0,1,1,1,6366,165133,260220,0,6366,0,0,0,0,,Falso,0
6366,1,2022,1997,3188,1,1,0,0,0
0,4,1,108,0,1,1,1,6366,170410,260220,0,6366,0,0,0,0,,Falso,0
6366,1,2023,1997,3188,1,1,0,0,0
0,5,1,113,0,1,1,1,3936,171121,260220,0,3936,0,0,0,0,,Falso,0
3936,1,132,1234,3190,1,1,0,0,0
0,6,1,112,0,1,1,1,2125,171523,260220,0,2125,0,0,0,0,,Falso,0
2125,1,2024,666,3190,1,1,0,0,0
0,7,1,101,0,1,1,1,2123,171803,260220,0,2123,0,0,0,0,,Falso,0
2123,1,2024,666,3188,1,1,0,0,0
0,8,1,101,0,1,1,1,2123,172140,260220,0,2123,0,0,0,0,,Falso,0
2123,1,2024,666,3188,1,1,0,0,0
0,9,1,109,0,1,1,1,21265,172747,260220,0,21265,0,0,0,0,,Falso,0
21265,1,2024,6666,3190,1,1,0,0,0
0,10,1,114,0,1,1,1,21251,173716,260220,0,21251,0,0,0,0,,Falso,0
21251,1,2025,6666,3188,1,1,0,0,0
0,11,1,102,0,1,1,1,8103,085210,270220,0,8103,0,0,0,0,,Falso,0
8103,1,777,2540,3190,1,1,0,0,0
0,12,1,111,0,1,1,1,6374,085635,270220,0,6374,0,0,0,0,,Falso,0
6374,1,2022,1997,3192,1,1,0,0,0
0,13,1,105,0,1,1,1,46922,090310,270220,0,46922,0,0,0,0,,Falso,0
46922,1,1022,14700,3192,1,1,0,0,0
0,14,1,106,0,1,1,1,21278,091151,270220,0,21278,0,0,0,0,,Falso,0
21278,1,2025,6666,3192,1,1,0,0,0
0,15,1,107,0,1,1,1,3939,091407,270220,0,3939,0,0,0,0,,Falso,0
3939,1,133,1234,3192,1,1,0,0,0
0,16,1,113,0,1,1,1,6378,094419,270220,0,6378,0,0,0,0,,Falso,0
6378,1,2021,1998,3192,1,1,0,0,0
0,17,1,102,0,1,1,1,37050,094649,270220,0,37050,0,0,0,0,,Falso,0
37050,1,1330,11600,3194,1,1,0,0,0
0,1,1,106,0,1,1,1,6381,095332,260220,0,6381,0,0,0,0,,Falso,0
6381,1,2020,1999,3192,1,1,0,0,0
0,2,1,105,0,1,1,1,6370,164418,260220,0,6370,0,0,0,0,,Falso,0
6370,1,2021,1998,3188,1,1,0,0,0
0,3,1,103,0,1,1,1,6366,165133,260220,0,6366,0,0,0,0,,Falso,0
6366,1,2022,1997,3188,1,1,0,0,0
0,4,1,108,0,1,1,1,6366,170410,260220,0,6366,0,0,0,0,,Falso,0
6366,1,2023,1997,3188,1,1,0,0,0
0,5,1,113,0,1,1,1,3936,171121,260220,0,3936,0,0,0,0,,Falso,0
3936,1,132,1234,3190,1,1,0,0,0
0,6,1,112,0,1,1,1,2125,171523,260220,0,2125,0,0,0,0,,Falso,0
2125,1,2024,666,3190,1,1,0,0,0
0,7,1,101,0,1,1,1,2123,171803,260220,0,2123,0,0,0,0,,Falso,0
2123,1,2024,666,3188,1,1,0,0,0
0,8,1,101,0,1,1,1,2123,172140,260220,0,2123,0,0,0,0,,Falso,0
2123,1,2024,666,3188,1,1,0,0,0
0,9,1,109,0,1,1,1,21265,172747,260220,0,21265,0,0,0,0,,Falso,0
21265,1,2024,6666,3190,1,1,0,0,0
0,10,1,114,0,1,1,1,21251,173716,260220,0,21251,0,0,0,0,,Falso,0
21251,1,2025,6666,3188,1,1,0,0,0
0,11,1,102,0,1,1,1,8103,085210,270220,0,8103,0,0,0,0,,Falso,0
8103,1,777,2540,3190,1,1,0,0,0
0,12,1,111,0,1,1,1,6374,085635,270220,0,6374,0,0,0,0,,Falso,0
6374,1,2022,1997,3192,1,1,0,0,0
0,13,1,105,0,1,1,1,46922,090310,270220,0,46922,0,0,0,0,,Falso,0
46922,1,1022,14700,3192,1,1,0,0,0
0,14,1,106,0,1,1,1,21278,091151,270220,0,21278,0,0,0,0,,Falso,0
21278,1,2025,6666,3192,1,1,0,0,0
0,15,1,107,0,1,1,1,3939,091407,270220,0,3939,0,0,0,0,,Falso,0
3939,1,133,1234,3192,1,1,0,0,0
0,16,1,113,0,1,1,1,6378,094419,270220,0,6378,0,0,0,0,,Falso,0
6378,1,2021,1998,3192,1,1,0,0,0
0,17,1,102,0,1,1,1,37050,094649,270220,0,37050,0,0,0,0,,Falso,0
37050,1,1330,11600,3194,1,1,0,0,0
0,18,1,104,0,1,1,1,6380,135940,270220,0,6380,0,0,0,0,,Falso,0
6380,1,1471,2000,3190,1,1,0,0,0
0,1,1,106,0,1,1,1,6381,095332,260220,0,6381,0,0,0,0,,Falso,0
6381,1,2020,1999,3192,1,1,0,0,0
0,2,1,105,0,1,1,1,6370,164418,260220,0,6370,0,0,0,0,,Falso,0
6370,1,2021,1998,3188,1,1,0,0,0
0,3,1,103,0,1,1,1,6366,165133,260220,0,6366,0,0,0,0,,Falso,0
6366,1,2022,1997,3188,1,1,0,0,0
0,4,1,108,0,1,1,1,6366,170410,260220,0,6366,0,0,0,0,,Falso,0
6366,1,2023,1997,3188,1,1,0,0,0
0,5,1,113,0,1,1,1,3936,171121,260220,0,3936,0,0,0,0,,Falso,0
3936,1,132,1234,3190,1,1,0,0,0
0,6,1,112,0,1,1,1,2125,171523,260220,0,2125,0,0,0,0,,Falso,0
2125,1,2024,666,3190,1,1,0,0,0
0,7,1,101,0,1,1,1,2123,171803,260220,0,2123,0,0,0,0,,Falso,0
2123,1,2024,666,3188,1,1,0,0,0
0,8,1,101,0,1,1,1,2123,172140,260220,0,2123,0,0,0,0,,Falso,0
2123,1,2024,666,3188,1,1,0,0,0
0,9,1,109,0,1,1,1,21265,172747,260220,0,21265,0,0,0,0,,Falso,0
21265,1,2024,6666,3190,1,1,0,0,0
0,10,1,114,0,1,1,1,21251,173716,260220,0,21251,0,0,0,0,,Falso,0
21251,1,2025,6666,3188,1,1,0,0,0
0,11,1,102,0,1,1,1,8103,085210,270220,0,8103,0,0,0,0,,Falso,0
8103,1,777,2540,3190,1,1,0,0,0
0,12,1,111,0,1,1,1,6374,085635,270220,0,6374,0,0,0,0,,Falso,0
6374,1,2022,1997,3192,1,1,0,0,0
0,13,1,105,0,1,1,1,46922,090310,270220,0,46922,0,0,0,0,,Falso,0
46922,1,1022,14700,3192,1,1,0,0,0
0,14,1,106,0,1,1,1,21278,091151,270220,0,21278,0,0,0,0,,Falso,0
21278,1,2025,6666,3192,1,1,0,0,0
0,15,1,107,0,1,1,1,3939,091407,270220,0,3939,0,0,0,0,,Falso,0
3939,1,133,1234,3192,1,1,0,0,0
0,16,1,113,0,1,1,1,6378,094419,270220,0,6378,0,0,0,0,,Falso,0
6378,1,2021,1998,3192,1,1,0,0,0
0,17,1,102,0,1,1,1,37050,094649,270220,0,37050,0,0,0,0,,Falso,0
37050,1,1330,11600,3194,1,1,0,0,0
0,18,1,104,0,1,1,1,6380,135940,270220,0,6380,0,0,0,0,,Falso,0
6380,1,1471,2000,3190,1,1,0,0,0
0,19,1,108,0,1,1,1,6378,150710,270220,0,6378,0,0,0,0,,Falso,0
6378,1,2021,1998,3192,1,1,0,0,0
0,1,1,101,0,1,1,1,47880,151938,270220,0,47880,0,0,0,0,,Falso,0
47880,1,1485,15000,3192,1,1,0,0,0
0,1,1,101,0,1,1,1,47880,151938,270220,0,47880,0,0,0,0,,Falso,0
47880,1,1485,15000,3192,1,1,0,0,0
0,1,1,114,0,1,1,1,8108,100530,280220,0,8108,0,0,0,0,,Falso,0
8108,1,777,2540,3192,1,1,0,0,0
0,2,1,111,0,1,1,1,21265,085332,030320,0,21265,0,0,0,0,,Falso,0
21265,1,2070,6666,3190,1,1,0,0,0
0,1,1,114,0,1,1,1,8108,100530,280220,0,8108,0,0,0,0,,Falso,0
8108,1,777,2540,3192,1,1,0,0,0
0,2,1,111,0,1,1,1,21265,085332,030320,0,21265,0,0,0,0,,Falso,0
21265,1,2070,6666,3190,1,1,0,0,0
0,3,1,107,0,1,3,1,49747,145218,030320,0,49747,0,0,0,0,,Falso,0
2542,1,1341,700,3632,1,1,0,0,0
